#count   prob        mag      susce      binde
#------------------------------------------------------
***      0.0000000          1.0000000          0.0000000         0.66666667    
***     0.49999999E-02     0.98983319         0.14556546E-03     0.66647173    
***     0.99999998E-02     0.97923583         0.30887253E-03     0.66624504    
***     0.15000000E-01     0.96828722         0.49565775E-03     0.66597679    
***     0.20000000E-01     0.95655653         0.70270909E-03     0.66566802    
***     0.24999999E-01     0.94434250         0.97948421E-03     0.66525099    
***     0.29999999E-01     0.93190681         0.12664785E-02     0.66479751    
***     0.34999999E-01     0.91827597         0.16416173E-02     0.66418776    
***     0.39999999E-01     0.90258361         0.21781259E-02     0.66330899    
***     0.44999999E-01     0.88612403         0.28543559E-02     0.66218520    
***     0.49999999E-01     0.86686917         0.39842754E-02     0.66035074    
***     0.54999999E-01     0.84381806         0.63214171E-02     0.65726790    
***     0.59999999E-01     0.81747778         0.89260782E-02     0.65306105    
***     0.64999999E-01     0.77976278         0.16007499E-01     0.64345441    
***     0.69999998E-01     0.73891014         0.23450134E-01     0.63160584    
***     0.74999998E-01     0.69140361         0.31372084E-01     0.61414154    
***     0.79999998E-01     0.62731139         0.42631332E-01     0.58458872    
***     0.84999998E-01     0.56430639         0.48940661E-01     0.54835968    
***     0.89999998E-01     0.49943681         0.53137493E-01     0.50178111    
***     0.94999998E-01     0.44746528         0.52915400E-01     0.45746498    
***     0.99999998E-01     0.39215944         0.48787212E-01     0.39943685    
***     0.10500000         0.35429806         0.44614936E-01     0.35932049    
***     0.11000000         0.32792764         0.41074804E-01     0.32712743    
***     0.11500000         0.29758847         0.37432940E-01     0.28072877    
***     0.12000000         0.27114319         0.32147018E-01     0.25265040    
***     0.12500000         0.25469569         0.30527154E-01     0.21201255    
***     0.13000000         0.24205694         0.27642888E-01     0.20424227    
***     0.13500000         0.22351236         0.24319337E-01     0.17662533    
***     0.14000000         0.21353250         0.22827348E-01     0.15463824    
***     0.14500000         0.20121944         0.21017795E-01     0.12072141    
***     0.15000000         0.19341403         0.19208589E-01     0.12646035    
***     0.15500000         0.18387542         0.17719721E-01     0.10274348    
***     0.16000000         0.17822528         0.16639597E-01     0.10573756    
***     0.16500000         0.17252181         0.15695800E-01     0.10044274    
***     0.17000000         0.16473944         0.14487196E-01     0.90489085E-01
***     0.17500000         0.15965347         0.13654166E-01     0.82095557E-01
***     0.18000000         0.15466514         0.13043724E-01     0.64358025E-01
***     0.18500000         0.15162611         0.12414727E-01     0.73637634E-01
***     0.19000000         0.14635333         0.11601257E-01     0.73692350E-01
***     0.19500000         0.14144694         0.11060898E-01     0.50001976E-01
***     0.20000000         0.14088847         0.10798276E-01     0.60564142E-01
