#count	p	M	suscet	U4 
#---------------------------------------------------------------------------
32591	    0.000000	    0.969719	    0.499031	    0.664112
32592	    0.005000	    0.952549	    0.845271	    0.662391
32593	    0.010000	    0.951909	    0.976307	    0.661741
32594	    0.015000	    0.940355	    1.518878	    0.659283
32595	    0.020000	    0.935039	    1.750344	    0.658316
32596	    0.025000	    0.912376	    2.888547	    0.653420
32597	    0.030000	    0.898501	    3.730705	    0.649500
32598	    0.035000	    0.879514	    5.397469	    0.643696
32599	    0.040000	    0.840751	    8.904771	    0.629467
32600	    0.045000	    0.814099	   11.245603	    0.618207
32601	    0.050000	    0.779730	   14.605462	    0.602362
32602	    0.055000	    0.726031	   18.190877	    0.575945
32603	    0.055500	    0.747680	   17.016112	    0.586642
32604	    0.056000	    0.738193	   17.411663	    0.582813
32605	    0.056500	    0.732005	   17.565763	    0.580770
32606	    0.057000	    0.740131	   17.136888	    0.585001
32607	    0.057500	    0.732499	   17.496484	    0.581444
32608	    0.058000	    0.743876	   16.345255	    0.589232
32609	    0.058500	    0.715054	   18.830936	    0.571236
32610	    0.059000	    0.710433	   18.918683	    0.569257
32611	    0.059500	    0.694544	   19.584721	    0.559950
32612	    0.060000	    0.700187	   18.968794	    0.564393
32613	    0.060500	    0.702099	   19.354993	    0.564784
32614	    0.061000	    0.705606	   19.324975	    0.566299
32615	    0.061500	    0.697018	   19.861618	    0.561225
32616	    0.062000	    0.696598	   19.686948	    0.561621
32617	    0.062500	    0.702765	   19.620735	    0.565740
32618	    0.063000	    0.686190	   20.863139	    0.553977
32619	    0.063500	    0.667680	   21.346579	    0.543458
32620	    0.064000	    0.678067	   20.209253	    0.552586
32621	    0.064500	    0.675923	   20.131742	    0.551418
32622	    0.065000	    0.677580	   20.913195	    0.550557
32623	    0.065500	    0.674117	   20.581850	    0.550455
32624	    0.066000	    0.667745	   21.405248	    0.544297
32625	    0.066500	    0.659311	   21.731057	    0.539185
32626	    0.067000	    0.641120	   22.143440	    0.526367
32627	    0.067500	    0.640170	   22.317982	    0.525793
32628	    0.068000	    0.654410	   21.826080	    0.536461
32629	    0.068500	    0.632714	   22.749976	    0.519730
32630	    0.069000	    0.636170	   22.529252	    0.524306
32631	    0.069500	    0.635289	   23.002753	    0.520453
32632	    0.070000	    0.634729	   22.252582	    0.523486
32633	    0.070500	    0.633481	   22.889551	    0.520827
32634	    0.071000	    0.640071	   22.615732	    0.525748
32635	    0.071500	    0.633042	   22.567933	    0.521795
32636	    0.072000	    0.626734	   22.862223	    0.518104
32637	    0.072500	    0.612014	   23.465308	    0.505179
32638	    0.073000	    0.606678	   23.230800	    0.503679
32639	    0.073500	    0.600029	   23.894195	    0.494649
32640	    0.074000	    0.604527	   23.521628	    0.502735
32641	    0.074500	    0.607347	   23.892776	    0.501354
32642	    0.075000	    0.596616	   23.439242	    0.495990
32643	    0.075500	    0.594970	   23.751698	    0.492321
32644	    0.076000	    0.577579	   24.152094	    0.477567
32645	    0.076500	    0.574540	   24.009473	    0.477082
32646	    0.077000	    0.583626	   24.195414	    0.482629
32647	    0.077500	    0.575998	   24.451713	    0.476276
32648	    0.078000	    0.582565	   24.485977	    0.481350
32649	    0.078500	    0.566120	   24.279603	    0.468264
32650	    0.079000	    0.546712	   24.274427	    0.450724
32651	    0.079500	    0.566349	   24.150184	    0.470870
32652	    0.080000	    0.566662	   23.291706	    0.475559
32653	    0.080500	    0.546306	   24.082389	    0.451703
32654	    0.081000	    0.563027	   23.658144	    0.471017
32655	    0.081500	    0.553371	   24.218150	    0.459828
32656	    0.082000	    0.530083	   24.367444	    0.436573
32657	    0.082500	    0.551824	   23.755083	    0.461909
32658	    0.083000	    0.528763	   24.084414	    0.436568
32659	    0.083500	    0.525843	   24.221908	    0.433741
32660	    0.084000	    0.530952	   24.721873	    0.435649
32661	    0.084500	    0.526609	   24.003942	    0.436182
32662	    0.085000	    0.512078	   23.853101	    0.421389
32663	    0.085500	    0.501292	   23.822373	    0.408053
32664	    0.086000	    0.517967	   24.098787	    0.425692
32665	    0.086500	    0.505243	   23.796044	    0.414192
32666	    0.087000	    0.506956	   24.199216	    0.415162
32667	    0.087500	    0.505288	   24.143553	    0.412947
32668	    0.088000	    0.507267	   23.826429	    0.416020
32669	    0.088500	    0.503172	   23.690951	    0.414519
32670	    0.089000	    0.472239	   23.470413	    0.371659
32671	    0.089500	    0.484666	   23.684660	    0.391877
32672	    0.090000	    0.466310	   23.340402	    0.363797
32673	    0.090500	    0.461800	   23.735265	    0.356702
32674	    0.091000	    0.474634	   23.500851	    0.379111
32675	    0.091500	    0.479256	   23.930303	    0.383374
32676	    0.092000	    0.488708	   23.358899	    0.400834
32677	    0.092500	    0.449752	   23.510021	    0.339115
32678	    0.093000	    0.460272	   23.118637	    0.364791
32679	    0.093500	    0.440513	   22.813673	    0.329681
32680	    0.094000	    0.456738	   23.482229	    0.354000
32681	    0.094500	    0.441970	   22.740969	    0.336700
32682	    0.095000	    0.456280	   23.605817	    0.352813
32683	    0.095500	    0.441027	   22.743635	    0.335615
32684	    0.096000	    0.453891	   22.910845	    0.356551
32685	    0.096500	    0.441922	   22.570644	    0.337638
32686	    0.097000	    0.437158	   21.909024	    0.335506
32687	    0.097500	    0.426903	   22.599557	    0.310867
32688	    0.098000	    0.411972	   21.695045	    0.288290
32689	    0.098500	    0.421743	   22.162489	    0.306451
32690	    0.099000	    0.407923	   21.570563	    0.283293
32691	    0.099500	    0.411027	   21.152604	    0.297132
32692	    0.100000	    0.405586	   21.199747	    0.284246
32693	    0.105000	    0.369080	   19.670855	    0.218675
32694	    0.110000	    0.338839	   17.404269	    0.169313
32695	    0.115000	    0.300321	   15.026994	    0.079194
32696	    0.120000	    0.277331	   13.404400	    0.017053
32697	    0.125000	    0.242180	   10.589953	   -0.071770
32698	    0.130000	    0.227136	    9.236142	   -0.095841
32699	    0.135000	    0.203904	    7.553881	   -0.156855
32700	    0.140000	    0.193949	    6.656733	   -0.142555
32701	    0.145000	    0.170687	    4.940175	   -0.153675
32702	    0.150000	    0.161077	    4.373823	   -0.154239
32703	    0.155000	    0.152597	    3.836751	   -0.133892
32704	    0.160000	    0.142635	    3.284343	   -0.116796
32705	    0.165000	    0.138045	    3.028023	   -0.099921
32706	    0.170000	    0.131706	    2.739105	   -0.093292
32707	    0.175000	    0.124230	    2.400914	   -0.079247
32708	    0.180000	    0.120715	    2.261702	   -0.079566
32709	    0.185000	    0.116591	    2.081179	   -0.059192
32710	    0.190000	    0.114053	    1.990735	   -0.058662
32711	    0.195000	    0.109767	    1.843131	   -0.059015
